0015115020005990021990484054307440774113721119911130290400000000000000000044009058266131126731551 0599600030100028206110910111  994 710000000000000000000020001-10100-100030100001
001531550000799501699040105459999067910992161041110227840000000000000000001100505456412912299999511800 990199999983061 99 9911  996 080000000000003801709-1-100-1-1-1-1-102-1-1-12
001533599000799501999141515091509153111132461999399911670201000101106 13019215599996413213499999511800 9999999999 399  99 9911  99   8 99 99 99  99 99 999999999999999999999999999
001534522000707552025168117951808195314181561122110927240302000201906 16022200918086413713877220111800305030403038309140910511920700910000000000101105209-1-101-1-1-103-10203-1-12
001535522000707552227254026492652282414161661052111428440402000202201538052200926526416417078215111800305010303049306 409109119 0040010000000000201106203-100-100-1-108-10204-1022
001541602000599002325036005459999064210992121041110428240201000101906 060211009054561116092999991 3699105010101040 99 999 999   992 011011031141 99 99 99-10201-1-1-19999999999991
001541702000599002325036005459999064210992221042108628220201000101906 060211009054561116092999991 3699105010101040 99 999 999   992 011011031141 99 99 99-10201-1-1-19999999999991
0015515990005990024310430064506940714113721111411118284401009000011017400899006054566148127999991 9999 9999999999  99  99 99    99   8 99 99 99  99 99 999999999999999999999999991
0015715500005990021210371054599990665109921111321120294400000000000000000044009054560109093721441 35996000901010284051999 9911  996 71000000000010110410301000200000001-1040000001
001581550000099502829049905459999075210992121131108025310101000100906 050354009054570150143741851105063000608980283031999 99110 036 7110110611916000000000500-10200000600-10300001
0015825120000005830311367142814481630131112211121111263402010001011012360555009144869137143741801105063000508020383031402201110209200110110511916000000000501010100010501010000011
001591501000400502125047005459999066510992121231204419500201000101906 130142029054563118110999991 4300105010101038 99 999 9911  990 01101102117  99 99 99030303-1-1-19999999999991
0015925060004005523271036120412201317122612210621098281403011102021031270442009122064122112999991 4300106010303038 99140020011 10720011011031172003805709010203-1-1-105010100-1-11
001601502000599003032041805469999070410992111092110228640301000102906 180622009054658137150611951 03991060101010481051999 9911  991 4100000000000000000000300-1-1-1-1-100-1-1-1-11
0016115500005990026990477054699990759109921111511109282401000000011016401021009054664157141999991 0599106000398030 99 999 999   996 710000000000 99 99 99-1020100-1-19999999999991
0016215500305052732320412054699990616109921210411054204101000000011016410244009054664154142671551 13001000102020482051999 9911  996 01000000000000000000001-102-1-10001-102-1-1001
0016225020005052733330780087108781053141412212011104273402000000021011290244009089765158999671541 1300100010202058299140010011  00000100000000000000000009999999999999999999999991
0016315500005990032320450054607080720113621110411107270400000000000000000054009054665141141681521 05992000506980283021999 991   990 01000000000099899899808-10203-1029999999999991
0016415020000995025260470054707130750113421411621098280400000000000000000044009054768112115741851239006000601980285051999 99110 991 0130370279051011051030600010000000200030101001
0016425031000055726270866103810431162122522410211119296401000000012014400144009104367129999999991239006000601000385991400100110 00200130570279051011057099999999999999999999999991
0016435180000055727281203131313301554141813410311140351402000000021016420145009133068120120999991239006000198980485061409102110 00200130480279051011051030600040001-106-10400-1-11
001644528000005572829171617641781199114091441221111827540300000003101750025500917816711611775187 239005000103030595061400100210209200130770279059989989989999999999999999999999991
0016515500005990034260400054799990682109921111221114282402000000022016431022009054763155136999991 0799303010303048 99 999 999   992 712022057904 99 99 990200-10001029999999999991
001661502000099503130038005479999065010992121022111027040813010504201640044100905476513511399999  1608100040898059 99 999 9911  991 01101104118  99 99 990999999999999999999999991
0016625160000055533321061118912541347132712211311135286409130105052015380441009125465139113701501 1608100010798062 99130920311 108200110110211721011051010900-1-1-1-109-101-107-11
001671550000799009933040605479999068610992111112115028040501000104906 080412009054762160128999991 0499309000101068 99 999 999   994 710000000000 99 99 99-10200-1-1-19999999999992
0016815500005050027290345054799990624109921112021137279403000000031018400255009054765146130681601 23991000303980584051999 9911  996 01000000000010110420806-101-1-1-108000100-1-11
001691550000707503134048105470708075911322131051112127840411000202201440020200905766615214099999113600109010101048399 999 99119 990 713078027905 99 99 9900-1-1-102-19999999999992
0016925020007075032350927097609801219130712312121134292405110002031016390202009103966146999999991136001060103030683991500100119 08000130580579051011087099999999999999999999999992
00169351600070756343717141765177019901408133107211082764061100020420174104020091770661421357318911360810900989807830513091041191082301307805790510110620106-1-1-1-1-106-1-1-1-1-12
0017015020005990039410489054807500774113721119911110285402000000021017401022009054899174172712151 6299105010202048604299919911  991 11000000000000880270903000107-1-102-1990909-11
0017115090000006030340480054807270764113521219911131284403000000031017400812009063665135125741801105001070302980582061907299111 994001101102115200780170905-10301-1-103-1-1-107-11
001712518000000663236131113821422159314151221021114428240400000004101740041200914226412812474185110500107010202068206140920911120740011011011162000000000020103-100-106-102-107-11
001721550000599002728042105489999074210992121202111132140300000003101840084100905486514113565150 905981020707980702081999 99119 996 01101107119 10110710709-10301-1-105-1010099001
001722599000599002728086609539999098010992221999399911470400000004201545024115799999999999999999  0599 9999999999 299  99 9911  99   8 99 99 99  99 99 999999999999999999999999999
0017415022005995034990458054899990751109921110421119293400000000000000000055009054866128126681751 04093030306980382061999 9911  992 710000000000101104207040002-10003-10101-101019
0017515020400996021260489054807440760113621219911111271402000000022017400401009054862127120691551212001090101010303061999 991   996 31101102115100480270901-101-1-1-102-10403-1-11
00175251200000567232812121255128814911410122100111412794030000000310153804210091288631291289999912120090901020204330714071011   092001101101117109899899801-102-1-1-101-10300-1-11
0017615020105990027300416054899990706109921310711103290403010001021015430222009054864120115732001 05993070102020480091999 9911  992 011011041221201105101010103-104040900010999061
001762599000599073134171718231856200613191232101112028940401000103101441079200718579999999999999  0599 9999999999 099  99 9911  99   8 99 99 99  99 99 999999999999999999999999991
0017815020005990026990472054907210748113521110811106276401000000012016400744009054966127125749991 43996000506980384041999 9911  990 010000000000000000000040000-1-1-1000004-1-1-11
0017915500007990021230377054999990678109921111811103301401000000011014400222009054962111106651451 05993030301980384071999 9911  990 01000000000000000000000-103-1-100-1-10100-1-12
0018015020005990027300485054907030765113121119911139280400000000000000000054009054964115113711651 23996000202980282091299 9911  990 410000000000101105106010102-100-102-10207-1-11
0018115500005990022220461054907070747113521119921113286401000000011014400512009054968136127671581 05991060305010381051199 9911  990 01101105116110110420304000103-10402-10403-1-11
0018215500208990035990455054999990733109921110421105278402000000021014400744009054961097105661301 05991000507980686081999 991   990 0100000000003011051080201-1-1-1000301-1-1-1-13
001831550000899703430040405499999068910992121041110828540400000005510 410454009054960105100651501570003000102020783061499 99119 991 7110110232216038027080300020004-10100040207996
0018325120008007536321165123512741446141512211311110281405000000061015400455009133061105099999991570005000102020884061408109119207000110110212113011011080300020000000300040000006
001841550000599002528049205490707077811302111992110828640201000101906 120142009054963114112681421 32991060305010383051999 9911  992 712028067904003806101030102-1-1000699060300001
001861502000599002732050905490765079711362111991113528840101000100906 090344009054966130130999991 6599100010101028 99 9091019   091 811011014221 99 99 9904-1020900029999999999991
001871599000099702423041005499999068310992121121110227340200000002101640039400605499999999999999 10500 9999999999 299  99 99    99   8 99 99 99  99 99 999999999999999999999999991
001872599000000722827158917101723184513191221201108725610300000003101439064400617236612612271173110500600010505058209  99 99    99   8 99 99 99  99 99 999999999999999999999999991
0018815030005990026990477055207290742113621119921090265401000000012012370212009055262173116731851 04991050102020383051999 9911  991 711011051181000000000-10002-1-1-1-1-10202-1-11
001891502000599003840041205529999071010992131042113229840903000306906 110242009055266154143732401 2399900050698088 99 499 999   992 010000000000 99 99 9908-1-1-1-1-19999999999991
001892599000505004143999999999999146510992331151108099951104000407906 07994200799999999999999999  2399 9999999999  99  99 99    99   8 99 99 99  99 99 999999999999999999999999991
0019015500005050025340470055207210743113521311321086273202000000022014390612009055262112106661501 38993030101010483061999 9911  990 011011011181101105106-10102-1-1-100-1010707-11
001902599000505002938223022842319251214121332202112028240401000103906 10031200723196211911499999  3899 9999999999 399  99 9911  99   8 99 99 99  99 99 999999999999999999999999991
001903599000505002837179618619999187010992232999399907470300000003201239071215799999999999999999  3899 9999999999 399  99 9911  99   8 99 99 99  99 99 999999999999999999999999999
0019115500107995033390411055299990615109921210622031204005004404051031300212019055261182165711701125993020102010384081399 9911  991 7120220279042011023040003010001-10299000602992
001912503000707564046287629552967315913131221071111728340600550506203129101400930336117316571165112599309020806048409130910311  09090130370211954011013020204-101-1-101040102-1012
0019215020000992031310463055307160729113621410821115266401000000011016400425009055363109107701451 23001060103030583051199 9911  996 01101105122110110210109000107-1010799019999991
0019225050200002533331069113911571326131212412111102257302000000022016380325009115763108102999991 2300202050498068309140010011 20920011011061221101103101080101-1020206-102-102021
001923527000000253535184819071917212514091341141112827740300000003101436041500919176210910799999  2300202010398078309 40210611  9900012022071221 99 99 990901-1-107019999999999991
001924505000000203737231923892472260514211441122211728640400000004101739021501924446211110799999  2300106050798088305 40910211  9900011011071221 99 99 9909-1-10107019999999999991
001931502000000602728040005539999069410992121042112729440200000002201739024400905536613212472160110599104010707048407199919911  030 710000000000000000000000002010004-100020200041
001932532000000673435268927742774297514121221171113528640300000003201642105500927746613113272163110599104010909058307140810111  090001000000000000000000001-100000105-100010501011
0019415500007991028400480055307300746113521219921095266402000000021015380202009055363159176742071136021060101010482061999 99111 991 71000000000010110420901-102-1-1-10099019999992
00194250500070711304212511329135015241314122123111142734030000000320133804020091350631481549999911360210901010105830916091011111074001000000000010110520900-102-1-1-101-10106-1072
0019515500007995036350470055307200751113521211011127281403110002012015400292009055363139130712101136009989898989883071999 99119 996 710000000000201102308-1-102-1-1000200000903042
001952512000707553837121613191322150114151221071111528540411000202101640040200913226313813071205113600905010101048309140910911920900010000000000201109408-1-102-1-1-103-10101-1002
0019615020007995028300470055407080748113421512111126278403000000031016400454009055464105103701701132003000102020585061407102129 996 71101104117100780470906-102-100000100000009002
001962631000707553335240524812493265412121451171108724910611000204906 0804540092493641021077017011320030001060606850614021061192095101101105118100880570904-1-1-10200010102-107072
001962731000707553335240524812493265412121551171108324910611000204906 0804540092493641021077017011320030001060606850614021061192095101101105118100880570904-1-1-10200010102-107072
0019715500005990027280460055407150770113621119921156310401000000011016400754009055464132129701701 50991000106060382051999 9911  990 010000000000101104103-1-103-100000599990207031
0019815020005990029320449055407060723113621111011109274401000000011016400554009055460114111701601 05993000102010382061999 9911  990 711011015222101102205040001-1-10003-10302-1021
0019915030005050022990439055499990743109921112321124304400000000000000000024009055466124124711801 0599105010703028 99 999 999   990 710000000000 99 99 99-1-104-1-1-19999999999991
0020015010005997031390385055499990662109921211221124277401000000012017410415009055462121114681801 60001060101010382051999 9911  991 010000000000007802709-1-101-1-1-19999019999991
0020025020005057133410830091809181112141212210711121282402000000022016390214009091861124999699991 6000106010101048299140020011  03000100000000000078017099999999999999999999999991
0020115020005997031430482055599990738109921210211106256303020002012016400325009055568141135701701 05001050101010585061999 9911  990 01307802790509899899804-101-1010003-103-100001
0020125090005057532440899102210281185131812210321095286404020002021015360255009102868141999999991 0500205010101058599110810321  00000130780279050000000009999999999999999999999991
0020215020005990037390461055507150741113621111011124280405000000051015380525009055563143142741681 36993070104040782051999 9911  990 010000000000101105103-10103-1-1-1-1-103-1-1-11
0020315090008990031990494055507440759113521111621102265401000000011015400955009055563107100999991 6999400010505038 99 9072989   990 010000000000 99 99 99-10201-1-1-19999999999993
0020415500007996022240421055507000707113921310321135286401000000012016400112009055562113110691751101081060101010384061999 99119 990 71000000000000000000001-102-1-1-19999019999992
002042527000707652729200420532087229114111331082112928740300110103103122061200920876211812099999110108109019898048406140030011910001010000000000000000000010001-1-1-1-1-104-1-1-12
002043599000707602426111099999999126910992231031202315900200000002201740041201799999999999999999 10108 9999999999 499  99 9911  99   8 99 99 99  99 99 999999999999999999999999992
0020515500005990025330464055599990700109921111522085236102000000022014380342029055567153150721851 05993060101010483091999 991   992 01305605790500680670902-101-1000002-1000000-11
0020615091000052030310510055699990775109921219921163265401000000011017400555009055665118117711501154003000101010382061999299111 990 710000000000000000000020003-1-10002-1020001011
002062521000000263334168017361749197114091221221115729140200000002201937065500917496512011271150115400300010303048206140910911120900010000000000000000000-10102-1-1-103-1010200001
0020715090004992023260520055606890788112421319911113268402000000022012400717009055664119119722051105001060398980401051999 9911  992 01101105113 00790970904-10104-1-10199029999995
002072516000407252528122612751294148114091231101109225530300000003101638041700912946512612599999110500909010101051104140310911  010001101105113110110130803-1-107-1-101-1020700-15
002073599000409202831266227159999273310992331999799907170400000004101336087115799999999999999999 10500 9999999999 199  99 9911  99   8 99 99 99  99 99 999999999999999999999999999
0020815020000995031460489055607430758113621212311124269401000000012017410452009055666182182721901 1509102010606048307199929911  991 01307802790510110310203000100000503-1000100091
0020825030000005132470991104610491270130822211111117279402000000021016380252009104966185999999991 1509102010606058399140220911  00000130880279051011037099999999999999999999999991
002091502000599003736039905569999066110992111091111826240101000100906 060754009055672181165782001 3099302019898028205120020011  990 01101104118100000000006-1030001049999039999991
002101502000599502930046505560707074111342121161111027640101000100906 060454009055663117111999991 05001000207070282051999 9921  996 71307804790500880170909-101-10100-1-1010001001
0021025090005055030310894096209881133121312211611088239102010001011015390254009098864122999999991 0500200010909038299130620911  00017100000000000088097059999999999999999999999991
0021115090005990020200392055699990679109921219921117287401000000011016400111009055660127115999991 0599106010202030 99 999 999   991 010000000000 99 99 99-1-103-1-1-19999999999999
002121509000005503234048205560743075711372141182111027540500110106410 34023500905566716615168160120500100010303078107150020012 2990 71101102118150380370106-102-1020200-1060900091
002122506000000553335098510361108127113171241191113528640600110107201539023500910496715299969168120500100010202088199150020012  09407110110279021011027099999999999999999999999991
002123527000000553638202320752107231414121441221111429140801110208906 09013400921076616715369163 20500100010505098109 90020012  9920911011011151 99 99 9905-101-103039999999999991
002124599000000503537196120229999202410992341999399906370700110108101740053415799999999999999999 20500 9999999999 199  99 9912  99   8 99 99 99  99 99 999999999999999999999999999
0021315020005990020990476055607360743113721110021106267400000000000000000022009055661116110999991 37991050303980281001999 991   992 011011011161101105209010101-1-1-10199080099991
002141509000999572021038905579999067910992131232110729040100000001101 40082400905576313812570142117000103030101028105290010011  990 013038047905101104501-10001-1-1-104-102-1-1-11
002143518000900572324118812621322149013191331172112130240200000002201541042400913226214112099999117008103019898038105140120111  0020013065037905101102202-101-1-1-1-101-10100-1-11
0021515090005056020210459055799990593109921319993999134701000000011015400244159055766124120691801 05003090103010383071999 9911  996 711011021181000000000010102-1-1-1-199049999-19
002152503000505652122076308360849106314121231181111530040201000101906 190244009084965117999681951 0500306010101038399140120111  00200110110379030000000009999999999999999999999991
002153521000505652425182118891897211014101331172110628940301000102101642064400918976613012099999  0500306010404049309 40120211  9900711011051171 99 99 99060101-1-1009999999999991
0021615020000006031310496055799990620109921419993999124700000000000000000090159055799999117999991 07001060198980201069199 9912  9920010000000000 99 99 99010301-1-1-19999999999999
002162503000000653333090809700970119914081241041111429140101000100906 170310009097062132999999991 0700106080298027199140020012  07200100000000001011057099999999999999999999999991
002163516000000653535186319041933214714101341182111928440302000201906 06021000919336213813599999  0700106010303030109 30010012  9990010000000000 99 99 99030001-1-1-19999999999991
0021715020003996031310493055999990765109921219921099272402000000022015400842009055960111140701351232001050101010481061999199119 996 0110110411910038057040600-100000108-1020100001
0021725160003036533331344139914171605141012211511115261403000000032014380522009141760126125701401232001050104040581061409102119100200110110511811011051090600-1-1000006-1010000011
002181509000599003899047805590715074611332111992111026840101000100906 070135009055963132119711602 3299500059898018104140020011  991 01307804790570000000006-101-100009999010799992
0021915090000051028410447055907020736113621210911130289402000000021016420454009055966124113691701263084000105050484061999299110 990 010000000000000000000-103-1-1-1-10303020202001
002192527020000163144188820312047215713221221151112926940300000003101741085404920476513512099999126308400010707058409140220911010900510000000000600000000-105-1-1-1-102-1040007001
002201509010799502121048605590750075611372121181111027040000000000000000002400905596714114771185194398107010101028999 100100999 991 010000000000 99 99 9900-102-1-1-19999999999992
002202599000799502323151415671582178212091221222110426840100000001101538069400699996815816571185  4399 9999999999  99  99 99    99   8 99 99 99  99 99 999999999999999999999999992
002211599100599002399043905599999070610992111092113826740000900000000000009900705599999999999999  9999 9999999999  99  99 99    99   8 99 99 99  99 99 999999999999999999999999991
0022215010000995022240493055907580775113721219911146282400000000000000000055009055963119116751901105006000205980282041199199215 994 01101103120 10110320302-10000-10802-1039999081
00222250600000051242614561511153417411311122110211292854010000000110184005440091626641191129999911050060002020003820214091092151074001101105118110110520203-1-1-1-10103-1010000031
0022315020005990030990448055907070758113721111321145310402000000022018400844009055967165167721651 4199106010202048305199919919  011 71306603790500680570904000100-1-104990101-1-11
0022415030005990028990470055907070757113321110511111287402000000021015430922009055963115102701751 36093070103030483061999 9911  032 01101105514 10110620506-10500-1-10899010799031
0022515090007996030290307056099990575109921210211089268403020002011014400122009056061141132721501942983090101010484031407199119 991 01101102116 10110210402020101-1-1-1-10109-1022
002252599000799653332156918001805181512331221182106424610402000202101338079200799996113413073169  4299 9999999999 499  99 9911  99   8 99 99 99  99 99 999999999999999999999999992
002261550100599002799049705609999077410992111992115327740101000100906 100855009056067147140771651 05993000604010285091999 9921  991 01202805790400380570906-10201000008-1030100009
002271550000808002699045905600713075211362111002112529340101000100906 080454009056099999100991451 70995000101010284051999 9911  990 710000000000000000000-10301-1-1-102029901-1994
0022815090005050031990462056007130750113521112221138288401000000011018400342009056064141147731551 0599105030498038209190719911  030 21101102122 30110310304010200-1-108-10102-1-11
0022915010005990032990495056107390779113421119921105284402000000022015400652009056166131130671651 16993060303980487061999 9911  990 71000000000010110510601000200000001-1010900001
0023015500105990039990482056107480757113821110321145275405020103031016381091139056165120134721851 2599302040498040598190910211  996 01304805790500380570907-101-1-10202-1010202001
0023115020005050033990470056107070761113321111711137291402000000022017400455009056164116115721601 2299500040202048405190910111  990 01000000000010110550103-10301-1-108-10407-1-11
0023215090005990033310354056199990636109921110721122282401000000011018400242009058763161120999991 2599307010303038 99 9991999   990 71101101321  99 99 99-10101-1-1-19999999999991
002331509000099703431047805619999077210992121991116929440403000301906 080244009056166139135711901105002040101010383081999 99111 990 51307605790500780470904-1040007-104-1040009-11
00233252200000075373417901863188921031414122115111663134050300030210194207440091911661411409999911050010401010104820714091011112012071308605790500880370904-1040106-104-1030209001
0023415090001005026260478056107140760113321319911126282400000000000000000052009056161127140721601 2300600030298028105120020011  991 011011051182003805709070000-1-10001-1000000001
0023425032001005227270984105610721258121222310611128274401000000011016400252009107262144999999991 2300100010101038199140810111  03210110110221811011053090303-1-1-1-103-103-1-1-11
002343527000100502929178018871910206014181331011112728040200000002101739044200919106115114099999  2300100010606048105 40710911  9960011011051191 99 99 9904-100-1-1-19999999999991
002351502000707003899045605610701073511352111171113727940601000105906 141011009056163134132711751 0499109010101070305140710491  990 71000000000009890970903-1-1-1-1-102-10107-1-12
0023615020105990028990508056207020782122721119921127274400000000000000000053009056266134132681581 6099500050598028402190910211  996 7100000000000037017090101-100000003-1010201011
0023715020005990018990356056299990630109921111211126274400000000000000000099005056265124113999995 0599 99019999990 99  99 99    990 782022027904 99 99 9903-103-1-1009999999999991
0023815020005990021260444056207030722113721111211097278401000000011013370212009056266134130711901 38997060102020384091499 9912  996 71000000000000380510402-101-1-1-102010209-1-11
0023915020000996031330486056299990565109921319993999079700000000000000000042159056268163152691751 0500100030698038104119929911  996 71000000000000380570904-1-1-1-10803-103-1-1099
002392509000005613234067707640764097014121231182113829340101000100906 110142009076468158155999991 0500100030498038199 903 9811  9920010000000000 99 99 9904-101-1-1079999999999991
0023935050200056133351170122812681431141413311211144261402010001012017410242009126868171170999991 0500900010707038199140320311 2096021000000000000480570902-1-1-1-10702-101-1-1071
0024015090000996041430481056207300758113521211021123277402010001011017400522009056267143143721951905003000307980482061999 99111 992 01101106116210110510206000201-1-10402-109-1-11
00240251600000065434513591427143616471411122119111192884030100010220163905220091436661431427319519050030003050504830614091091112085001101106116110110510205-102-1-1-10602-109-1-11
0024215500007078036430482056207360755113621211421090273401000000012015400655009056266158153999991 4399300010202058 99 999 999   990 710000000000 99 99 9900-10000-1-19999999999992
002422599000707803946182019061952209212181221132109527240200000002201339075500619526616716299999  4399 9999999999  99  99 99    99   8 99 99 99  99 99 999999999999999999999999992
0024315500007990036420381056399990652109921111521129271406000000061017400352009056366187150681401 18991050304980886051499 9912  996 11000000000010110520402-101-1-1-103-101-1-1-12
0024415500003992024280468056307300736113721212021082268201000000011016400312009056363139145641651211001060003010386021999 99119 991 71101102122 301101104010302-1-1000199990999991
002442528000305252730164417431751191314151221122109526940200000002201238064200917516213313599999221100198000301048606140010011920900711011051203101109109040200-1-1-104-101-1-1-17
002461502000606802025045605630708075111362161142114529540000000000000000001100905636713814076235120500109010101033305199929911  990 713048047905007809709-1-104-1-1-1-1-104-1-1-11
002462504000606822025079308460862107914091261232113128640100000001201842011100908626713699976999120500106010101043399160010011  07000100000000000000000009999999999999999999999991
002463522000606852328999919411941212414991461112114199960301000102906 09991100919416715614299999 20500106019898050307 40220211  9900013038012165 99 99 99-1-104-1-1-19999999999991
002464527000606852530246225212521275214081561021113729040401000103201799031100925766715314576253 20500109010202060307 40920211  9960013078055165 99 99 99-1-106-1-1-19999999999991
002466522000606852631292130233040322113171661231113630040501000104101741021100930406715013476210120500106019898070307 60910211  002001309805790500000000006-101-1-1-1-1-108-1-1-11
002471502000799502330042405639999066210992121171114523830300000003201440022200905636620619572175110599703030198058204140710911  991 710000000000101105203040002-1-100-1-104-1-1-12
002472532000707563052266627792795295314181221221112528740400000004101834102200927956617916972175110599106030803068209140120311  0041010000000000000000000030100-1-10201-1-103-1052
0024815090005990035990487056307360787113521119911131300401000000012016401025009056363134130999991 3899102020798038 99 9072999   990 011011021202 99 99 990300000000009999999999991
0024915090000053736380495056399990566109921319993999071704110002022017400554159056364119118721691105001020106050583051499 9911  990 010000000000000000000000002-10100000001-101019
002492505000005373739080908670882107614101231181514826740512000302906 10025415908826312299999999110500100010404058399140810911  07010100000000000000000009999999999999999999999991
002493513000005373840114112401240143114141331072114129040622000402108838015400912406412512072175110500100010606058399140110111 20002010000000000000000000-1-102-103000101-1-103001
0025015090005990040990487056407340765113521119921116278405121104022031230913009056467124120999992 2899207030098988 99 9991999   990 711011071221 99 99 99090402-1-1-19999999999991
0025115090005990037990468056407510759114021111721125291403000000031018400322009056464163150999991 0599109030598058 99 999 999   992 011011051222 99 99 99010301-1-1-19999999999991
0025215090005996019220487056407480801113721219911174314400000000000000000021009056466213195731581 02037100102980201031999 9911  992 013038027905101104201-10001-1-1-102-10201-1-11
0025225110005056220230961101110211279130822210521154318401000000011019440221009102166249999741751 0203105010101031199140810911  02510130380179051011067099999999999999999999999991
002531550000999702036050505649999077910992131992109827440100000001101439010200905645608808799999120500305030101038099 999 99111 990 713078017905 99 99 99020001-1-1-19999999999997
00253250600091076213709581128114012361326123119211052784020000000220143902420091140561010909999912050030501010104809914011011112000001307801790510110520102-1-1-1-1-103-1-19901997
00253351200091076223812831333140215531417133117111052704030000000320153901120091402560940939999912050290601030305800514001001112000001000000000010110520102-1-1-1-1-102-10000-1008
0025415500005990023990451056407070746113621119911141295400000000000000000054009056460112104701751 13993000305980283061999 9911  096 7120270379041011031030400000000030100000100001
002551550000799603333042005649999069410992151132111927440501000104101 400322009056464157147701701218003030101010685061999 99110 991 010000000000101105102-1-101-1-1-1-1-10200-1-12
0025525020007076534340814089209311092131612511211137278406010001052016390142009093164147999999991218003030302010785991409102110 0610710000000000003805 099999999999999999999999992
002553522000707603636148616061613173213181351181113924630701000106101739044200916136416015370180121803303010606088506140090011010900010000000000201106104-10001-1-1-1-1-1000199992
002554522000707653737190320432051217612211451001113627340801000107101735024200920516315915299999 21803202030398098506 498998110 9900910000000000 99 99 99-10002-1-1-19999999999992
002555505000707653939259827312765288113231551131112028340901000108101739044200927656317815099999121803105010404098506 409102110 0000010000000000401105103019901-1-1-1-1-1020608992
002561509000599002999049805640710079811302111992111830040301000102906 081054009056470216202712001 05993000105040482051907 9911  992 511011021181000000000-1-1020900-104-103-1-1-11
0025815501005990026270416056499990718109921119911145302402000000021016430855009056464183170999991 0599105020404048 99 999 999   991 010000000000 99 99 99-1-10200-1-19999999999991
0025915090005990036990511056607010787112721119911121276403000000032014401055009056663104100691501 3299500010606058305130620211  990 0130760179050079097090102-1-100-102-1010399021
0026015090007997022290478056607220776113421519911109298400000000000000000002009056662115117691721 24091070100000281021999 9911  992 710000000000007805709-1-103-1-1-1999999-1-1-12
0026025030007077523300927105010571197131822510911101270401000000011015420202009105762120999699991 2409907010000038199140210111  0000013068017905000000000060101-1-1-1-10101-1-1-12
002603699000799752431143314801517160811122351059499917570200000002101438029215615499999999999999  2409 9999999999 199  99 9911  99   8 99 99 99  99 99 999999999999999999999999992
002603799000799752431143314801517160811122451059499917570200000002101438029115615499999999999999  2409 9999999999 199  99 9911  99   8 99 99 99  99 99 999999999999999999999999992
002604522040707752532171818331875201613221551082106429820320000202710 25010106918786313211599999  2409107010101048105 40710911  9910010000000000 99 99 99-10202-1-1-19999999999992
0026115020005050020230465056699990606109921219994999141702010001011017400322159056661118121721701 05991050102010382091999 9911  992 210000000000101107201-10301-1-1-103010402-1-19
002612599000505052528214322142227243312121222031113029040411000202201740992200722276112212273185  0599 9999999999 299  99 9911  99   8 99 99 99  99 99 999999999999999999999999991
0026215010005990030990491056607480760113621119911113269403000000031016380354009056669152127741851 05993000103030582022999 9911  990 010000000000000000000-1-104-1-1-1-1-103-1-1-11
0026315020005996019210505056607650784113721319921111279400000000000000000024009056661117120741801112001040304040280051999 99111 996 010000000000000000000-1-103-1-1-1-1-104-1-1-11
002632522000500612123131913591418161214141231112112429340100000001201539042400914696111712074210111200104010303038005130030022110940010000000000000000000-1-104-1-1-1-1-105-1-1-11
002633599000500612325203521062121228813121332171109725330200000002201641042400721219999999999999 11200 9999999999 099  99 99221 99   8 99 99 99  99 99 999999999999999999999999991
0026515020005990026260390056699990675109921111611131285401000000012016400255009056668143123999991 2399100010404038 99 999 999   990 01101103117  99 99 9904-1030102069999999999991
0026715090005990023240427056699990718109921111411115291401000000012016400355009058267142140999991 3499900050198038 99 4001009   992 710000000000 99 99 99020000-1-1-19999999999991
0026815030007990036380427056799990696109921111011089269406200002041011360211009056762175160691401 43993060101010601051999 991   992 01000000000020110920201-102-1-1-10199019999992
0026915020005990021290369056799990704109921110821103335401000000011015330114009056760090086661251 3299107010101038105140910111  995 71101105119 10110510804-103-1070208-1010201-11
0027015090005990038990495056707070797113021119921115302405021103032015400744009056763112112999991 1399206010101048 99 9991999   990 013078027905 99 99 990202020000009999999999991
002711599009999009999999905679999075710992111222111099960000900000000000009900605679999999999999  9999 9999999999  99  99 99    99   8 99 99 99  99 99 999999999999999999999999991
002721509000400601927048805680744076111362121071112827340201000101906 1405210090568651251177423011040910608019803020213062991   991 0100000000002011013090103-1-1-1-101010107-1-11
002722522000400662533288129292947317114091221142114229040602110304906 13041100929446612712574320110409106010808053307 5002001   06400100000000001011051090201-1-1-1010201-19999991
0027315091000990029370492056899990779109921311911124287400000000000000000024009056865114112671571105001050303030285061999 99113 030 01101101120 1011051020500000001020500-10105021
002732503100003003139148615471555176512092232042111927940100000001101641052400915556511011567156110500105010505038606140010011310900021011041201101105101050001-1070105-1-1-107011
002733599100003003341191619842012220312132332082109728740200000002201639022400620129999999999999 10500 9999999999 699  99 99113 99   8 99 99 99  99 99 999999999999999999999999991
0027415030004058025240468056807220741113621412121106273400000000000000000055009056867145140721501205011060303980285051999 99111 992 01101102118100000000005000600-10002-10601-1-11
0027425120104058727261280136713721554141312410511115274401000000012015390444009137267163175731801205013070103030384091400200121209400110110911990098097090603040101-101-1030201-11
002744599000405802928213222079999222510992342999399909370200000002101639059415799999999999999999 20501 9999999999 499  99 99121 99   8 99 99 99  99 99 999999999999999999999999999
002751599000799601624047505680736078611372131992111631140000000000000000009100705686616415599999  0400 9999999999  99  99 9912  991 08 99 99 99  99 99 99000000-1-1-19999999999992
0027525060007076617251045112211771317141812312321113272401000000012016440321009117765202185999991 0400907000198033 99140910312 10010010000000000003807709-10003-1-100-1-103-1-1002
0027615030005990024990505056807640797113721119921126292400000000000000000092009056863153145651602 05999980300980181061999 9911  992 01101102121160000000003000300-1-1-1-103-1-1-11
002771509000799502430049305690800080311432121992113931040000000000000000004400905696110009573169121409102030598028299 999199110 992 011011021192 99 99 9909-1-1-1-1009999999999992
0027725120007075526321455151915291745141012212321099290401000000012017440544009152961102098731601214081040307050382081400300110209000110110111820038057090602-1-1-1-109020000-1022
0027815500005990031390469056907200730113521110021146261402000000022016400611009056963187165721751 05991050198020403091999 9911  994 01308802790500380570801-102-1-10003-101-1-1001
0027915500006065030350508056999990589109921319993999081705001101051015400300159056964154145999991218083050101010602061499 99111 996 71101105215100000000008-1-1-1-10001020100-1-19
002792505000606553540216122252248245114121231072108629020601110205906 1109000092248631681546614712180830501989806720914051041112092001101109790200980270906-1-1-1-1-10102-10007-11
002793522000606553742288829712995318414151331181110929640701110206201241040000929956315715766150121808305010303070209 400100111 094001101103217100780170904-10000-1-102-10003-1-11
0028115090007070031380377056999990676109921119925129299405100102042015401007159056965142124721801 43997100198980505051999 9991  070 710000000000101105104000000-101-19999999999992
002821502000599002227049905690742077111342121992108827220101000100906 080222009056966129123762001 05993070205980282051499 9921  992 71101105119 10110520109-102-1-10009990103-1991
002822599000505002328092611849999120910992222991112728340201000101201338029200799999999999976220  0599 9999999999 299  99 9921  99   8 99 99 99  99 99 999999999999999999999999991
0028315500010997032560443056906990704113621510311095261401000000011013400194009056958098090671571268001070101010384071999 99119 990 71000000000000000000001-10100-1-1020202-1-1-17
0028325030010997033570769086908771042141512512211097273402000000021013370104009087758098999999991268001070101010484991400100119 00000100000000000000000009999999999999999999999997
00283351800101070345811311231126814091419135100210912784030000000310143901940091268570990986715812680010701010105829914001001191000001000000000000760170901010101-1-101-10303-1-18
0028345210010097036601562169717301835122414510921111273404000000042013390204009173058106098999991268001070101010682051409103119100000100000000000000000000201020303-101-1030703037
002835503001010773862245724932542273213121551122110627540500000005201539050400925425809910167165 26800107010101078205 409102119 9900010000000000 99 99 990200-101-1-19999999999997
0028415090005990019990355056999990642109921110111141287400000000000000000099005056965180165999995 2799 99029999998409  99 9911  991 780000000000 99 99 9901-101-1-1-19999999999991
002851509000599702732046105700708075311352121051117529240110000100208 420254009057066275275651501 3200304030298028306290220211  994 511011011181008805709-1-102-1-1-104-101-1-1-11
0028525060005057528330846102910861164123422211321132318402100001011019410154009108667326999999991 3200300010101038399140810911  0040013056037905000000000-1-102-1-1-102-103-1-1-11
0028615020005990037990470057099990751109921111011129281404000000042012400542009057060140137721701 5099100010606078209160010011  994 01101103218100780570909-1-1-1-1-10299020799991
0028715090005990099340439057099990714109921112121113275401000000011015380755009069666145115742201 3299300050798038606149929911  990071306305790560330570202-103-1-1-104-1-1-1-1-11
002881509020099602833036705709999064510992151122112327840100000001101340041400905706614112099999195298100050598068999 999 02999 992 713048072225 99 99 9902-1040000009999999999991
002882599000099662934075109630963102912301251011112927840200000002201639019400699996514499999999  5299 9999999999  99  99 99    99   8 99 99 99  99 99 999999999999999999999999991
0028835990000056530351093129612981378122913510111136285403000000031017390194006999966146120999991 5299 9999999999  99  99 99    99   8 99 99 99  99 99 999999999999999999999999991
002884599000005603136148917031729179812341451221115630940400000004101740019400699996514499999999  5299 9999999999  99  99 99    99   8 99 99 99  99 99 999999999999999999999999991
002885599000005603338203321009999231110992551202112627840500000005101844029400799999999999999999  5299 9999999999  99  99 99    99   8 99 99 99  99 99 999999999999999999999999991
0028915090000997031340478057099990762109921219921124284401000000011015400954009058166125123681301136091020506980483061300200119 012 711011031211101105109020101-1-1-104-1040107001
002892521000005763336149315971617179313171221062109030040200000002201640065300916326612812670140113608104050703048306150030011910601011011052191101105209020101-100-104-1030302001
0029015020000996027280442057007000723113621510711111281402000000021014420153009057061109106742101905001030198980482051900100119 992 711011052181000000000050102-1-1-1-1-104-1-1-11
0029025060000056628290776091009101090131912511321107314403000000031015400152009091062108999752351905001030102020582991400100119 00100110110579010000000009999999999999999999999991
002903599000099603031150915819999158610992351999399907770400000004201544049315799999999999999999  0500 9999999999 299  99 9911  99   8 99 99 99  99 99 999999999999999999999999999
002904505000000603132182018681889206813091551202107424810602000204906 12014300918896110910674230 90500102010606068205 401203119 9900011011052182 99 99 9906-102-1-1-19999999999991
002905599000000603031164317219999172810992451999399908570501000104906 11013315799999999999999999  0500 9999999999 299  99 9911  99   8 99 99 99  99 99 999999999999999999999999999
0029115090000996023230486057107570811113821219921124325400000000000000000054009057166151147701401130006000301980280091999 99123 992 71101105117200380510106-10200000004-1020000-11
00291252100000062252513371399141316241410122118111372874010000000120164604540091413661521457015011300030001020203800914002001131000001202205117400320570908-101-1-1-104-1010000-11
0029215090100993022240470057199990767109921310021108297400000000000000000022009057163114105701651 2903600030598028305110020011  992 01101102218100000000003-103-1-1-1-1-104-1-1-11
0029225050000013523250827101110211117132712310721096290401000000012015420152009102163133999719991 2903100030798038399140010011  03005110110279010000000009999999999999999999999991
002923522000001352729252326172631280614151331152109728340200000002201441085200926316311310599999  2903500010798048306 40910211  9900011011051211 99 99 99-10001-100019999999999991
002931509000599002599044405719999073210992111082110628840100000001101 400854009057162127110681551 0699103010201028006190710212  020 01101105116100000000006-106-1-1-102-10203-1-11
0029415090007995028360468057199990738109921310721116270404000000041016390511009057169182189999991143099090802980503059902 98119 032 010000000000998998998-1010301-1-19999999999992
002942599000799502937092309861164118812341231132111926540500000005201638029100699999999999999999 14308 9999999999 299  99 9911  99   8 99 99 99  99 99 999999999999999999999999992
002943522000709553038135414791484163013181331171112227640600000006201637021100914846821018273196114308710010202072202130910111910910010000000000005707709010102-1-1-1010103-199992
0029515090005050028300468057307200752113621110421105284401000000011018400855009057367146144711901 0599900010403038307190429811  990 71101105117110110110408-10001000005-1-1-1-1-11
002961509000099702728050405730748078011342131991112927640100000001101842052200905739999912299999123900309030598038199 907198119 992 710000000000 99 99 9903-1010100009999999999991
00296251200000077282910711134114713451310123107111232744020000000210173903120091283621301296514912390030698040204810514091031191074001000000000010110610103-10101-10104-10205-1011
002963522000000773132205821132143234214121331092114328440300000003101639051200922606113813066150 23900305030798058106 409109119 9940710000000000 99 99 99020102-101019999999999991
0029715090005990027990507057308000810114121119911140303400000000000000000055009057366135136661301 05996000504980283061100 0019  992 010000000000603805709020102-1-1-10401000001-11
0029815090005990019990349057399990650109921210921096301400000000000000000072009057362137111999991905981070401980484061999 99119 990 01000000000010110970901020202-1009999999999991
002982599000599002099071208549999098610992222182110027440100000001201443019200609316013399999999  0599 9999999999 499  99 9911  99   8 99 99 99  99 99 999999999999999999999999991
002991503000799603539047705730715075711342121111112228040601000105906 120811009057360157160691801 4309107010100070206190010011  994 710000000000000000000-1-100-1-1-19999999999992
0029925020007076536400967104610461251131122211821145284407010001061016400291009104661178999999991 4300105010101087299140610911  03417100000000000000000009999999999999999999999992
