0000115020007075024270438051706920739113621211511138301403010001021016400722009051762136133691701143081090101010484051999299110 990 01101101117100000000001-1-1-1-1-1-10301-1-1-12
00001251800070755262915311589160618151410122115211042844040100010310174306420091631631341406919411430810801020205850714021011201035001101101119200000000001-101-1-1-102-101-1-1-12
0000215500005050026340442051799990574109921119993999132701000000012015421054159051765133135701551 05991000103030382051999 9911  996 7100000000004011041010000030301-10299030701-19
000041599000599004299039505179999066510992111051110227040501900104201438099900605176411899999999  9999 9999999999  99  99 99    99   8 99 99 99  99 99 999999999999999999999999991
0000515500007075027370258051799990554109921210121127296403001101032036400214009051765247225691771118091050104040582051999 99111 064 01000000000050000000002-101-1-1-19999990699992
000052522000707563242219222622270248414111221112511729240400110104201642090415923546523223399999111808105010505058206140710311120640010000000000500000000020200-1-1-1-1-1-199-1992
000071502000707002426036105179999062710992111092111526640310000102108 380521009051762121107661581 3699106010101040309199929911  990 01000000000000000000002-101-1-1-1-1-102-1-1-12
000081550000707002833036405179999061910992111091113125530502000203906 120822009051762125109999991 0499109010101058 99 999 999   010 011011012201 99 99 9900030102-1-19999999999992
0000915502005050036990448051799990713109921119921142265403000000032016400455009051765150150691951 46996000502980581071499 9911  991 71202205790410110720206-104-1-1-109-10202-1009
0001015502005050020210390051899990674109921111821118284401000000012017400242009051863112105741901 54993000101010383051999 9911  991 211011021161101102202010000-1-1-104-10201-1001
0001115020000996030300436051899990729109921212311159293400000000000000000055009051865132122711801905005000603980289051999199119 992 01202201790400380170905-1020302-102-1020001-11
0001215500000070019230398051899990642109921111821075244101000000011012330222009051862115106711601 60993030101010382051999 9911  995 710000000000101104206-102-1-1-1-102-10100-1-15
0001315020000991023270439051899990717109921211021112278401000000012018360432009055366120110742201147091050101010383981999 99119 992 71000000000000380470900-102-1-1-104-1020301011
000132512000001152630144915351543174014131221082112329140200000002201639062300915436611510673220114709105080604048206140410311920901211011013181101107109-1-104-1-10102-1000609021
0001415500005996019280400051899990679109921411611099279400000000000000000032009051862114105671951160001050101010282091999 9911  991 010000000000000000000-1-103-1-1-19999019999991
000142503000506652029074509830983103112341241102111228640100000001101439013200909836114799999999116000105080202038299140010012  00000100000000000000000009999999999999999999999991
000143516000506652433211221912207238713131341102110827540200000002201640073200922076212612070175 16000105010606048205 40910912  9960710000000000 99 99 9901-102-1-1-19999999999991
000144505000505652635291529822999319314121441031113527840300000003201539043200929996112412069185116000105010707058209 40910912  000001000000000010110110902-10100-1-103-100-1-1001
0001515020008995025290398051799990674109921312021106276400000000000000000055009053862102094651151569005000900000283031499199119 990 710000000000000000000-10101-1-1-1-10000-1-1-13
000152516000808582731112712191235141114151231131112028440100000001201539045500912416210610065110156900600010101988399140120111910000010000000000000000000-102-1-1-1-1-102-1-1-1-13
000153527000808582933163317321746191914161331162111728640200000002101640025500917456210510565110156909600010101048305140030011910000010000000000000000000-101-1-100-1-101-1-1-1-13
0001615500005990035350349051799990634109921110121125285403000000032017450452009051967156140999991 3799102019898058 99 999 999   990 913089017905 99 99 99090201-1-1-19999999999991
0001715020000003033370450065807000714113521211511118264403020002011015370322009051966145140999991247001040198980384031999 99119 990 91101105117110110510205-104-1-10706-102-1-1091
00017251800000037364014751529152917471407122113211332724040200020210163706240091529661511407420012470010401090604830414003001192000071101105118110110510306-102-1-10706-102-1-1071
000182527000002163630212021942227240214151221101112728240201000101906 130255009231664122120751801105004000107040383061403201211209000120220172047033027090101020102000101020202001
0001915020005990042450419065899990692109921111421117273403000000032016400375009051967160156999991 21992050198980583061699 991   990 91101105219100000000005-1-1000000020201-104001
000201599000000503035041305179999070010992121211114628740100000001201541059500799999999999999999 10502 9999999999 199  99 991   99   8 99 99 99  99 99 999999999999999999999999991
00020251800000055333812171329134714991418122103111132824020000000210184104550091353641461357014811050230001040404810516091011   0820010000000000000000000020001-1-1-101-102-1-1-11
0002115500003991023290352051999990627109921410211131275400000000000000000024009051965143128691971243083050501980285061999 99119 991 0110110212111011042040102-1-1-1-10202019999991
0002125090003061524300797086208971076141412410721139279401000000011017390224009089764141999719991243083050101010484991402202119 00000110110279021011057099999999999999999999999991
000213508000303562733166317221758194014131341041114727740200000002201739052400917646513713569175124308305010101048406140910211910000012022021224401102204020100-1-1-105-10106-1011
000214522000303502834241324662474249011082441999399907770300000003101839042415924746414113669177 24308305010101058404 409102119 9900012022031224 99 99 990401-1-1-1009999999999999
0002215500005050028350363051999990656109921110811129293401000000011016420312009051963141130711651 06993090401010384061999 9911  012 71000000000010110220201-102-1-1-103000404-1-11
000241502000202003238045605200708073311362111081112127740402000202106 130422009052061133126651451363992020102020483061999 9911  990 1100000000001011042090001-1-1-1-102-100-1-1001
0002515010005055027300442052006940719113621210311112277401000000012016400255009052068164150731671 05005000101010382061999 9911  996 711011011161503802709-1-101-1-10003-10000-1041
000252550000505552932104211241124132813111221212111428640200000002101639035500911306815014774190  0500900010404048299140810111 10940011011021162504803704-10002-1-1070200-1-1-1071
000261501000000602929045505200708074011362141062111728540502000203906 060952009052064135125711601 05001020106060582041499 9921  996 010000000000000000000000202-100000202020000001
0002625020000006630300923101111281205122912410511129282406020002042016400242009106763137999999991 0500102010707068299130710211  0031010000000000000000000030301-101000202020102001
000263599000000663232185819739999214510992441061112828740803000305906 08044100799999999999999999  0500 9999999999 299  99 9911  99   8 99 99 99  99 99 999999999999999999999999991
000264599000000603030135714139999141810992341999399906170702000205101740029115799999999999999999  0500 9999999999 299  99 9911  99   8 99 99 99  99 99 999999999999999999999999999
0002715010005050032280459052007030719113421111311086260203100001021015390411009052067115112721751 27991050101010409071599 9911  991 01101104122120110420206-1-101010008-10299-1001
0002815500008080032370421052099990711109921112121105290401000000011016380431009052056119116631401 0599300010303038 99 999 999   991 713048027905 99 99 9901000100-1009999999999994
0002915010005050029990435052006940709113721110121112274404010001031015400495009054668182190752302 05997100198980482061499 9911  996 81000000000010110520905-100-1-10002-1080001001
000301550000505004039046005209999059510992111999399913570502000203906 120652159052066131146711601 44991000103980581031999 9911  992 51000000000010110510505020300-1-10301010201019
0003115500005050031310401048699990706109921110411119305401000000012013420455009052169129130999991 0599300010202048 99 999 999   996 013088017905 99 99 99-1-103-1-1-19999999999991
0003215020005050031390456052199990528109921219993999072701000000011016380454159052162119120721701 05991040102020383051999 9912  996 01000000000000000000005-1010006040499020003029
000322502000505003240060206800713087112152221222111126940201000101906 100154009070762120114999991 0599103010202038399 998 0112  9920010000000000 99 99 9905-1000004049999999999991
0003315020005050021220352052299990636109921111621105284400000000000000000022009052264125118701751 06991040301980281031199 9911  990 010000000000101106201-10102-1-10001-10109-1021
0003515020205052026300485052199990692109921210721061207101000000011015390753009052264099096681451 3009600030198038305130010011  990 7110110211811011031010001030200000600030300011
0003525110005052528321044110611061282140812210815076238102000000022011290352159110664099999999991 3009200010404048399150910111  090001101103118 101104101010104-103030401020404041
000361599000799702599045805229999056310992141999399910570301110202103128049215705226116999999999 13600 9999999999 199  99 99    99   8 99 99 99  99 99 999999999999999999999999999
000362520000707762732116513101323136012221241212403219500402110302906 1505221591323611721709999911360010903060204810514041019999984001000000000000000000003-1-1030008-1-10103-1002
000363599000799762833141015061537165813181341231208624810512110402207127019202699999999999999999 13600 9999999999 199  99 99    99   8 99 99 99  99 99 999999999999999999999999992
0003715500100996032330417052499990706109921210711130289400000000000000000045009052467175170721851105001030101010283061199 9911  996 010000000000000000000070004-1-101-1-103-1-1-11
000372518000000653536119812661267146314091221052111126540100000001101741044500912676715916072195110500103010202038399140220111 10340410000000000000000000050002-1-1-1-1-104-100-11
000381550000005003636044205249999073410992121212114229240801110208510 420215009052464222208711601 1500107010101098 99 499 9911  996 711011042202 99 99 9905000400-1-19999999999991
0003825100000000037370808092409941103122612211111172295409011102092017410114009099564235999711601 1500107010202098 99140510511  090001101105 1691011077089999999999999999999999991
0003915020007995025260428052499990726109921411511104298400000000000000000042009052462119115691501218003030101010287061999 99119 991 7110110212121011021080400-101-100-1010200-1-12
0003925180007075527281192127513011381131512411912033189001000000011015420444029130162113115999991218003030101010387061400300119 000101101102122110110210807-1-1-1-1-1-10202-1-1-12
00039351200070750282914961562158317611412134107151042654020011010210312701441591583621181166815612180030303020203870616003001191070071101105122210110210809-1-1-1-1-1-10002-1-1002
000394522000707553132237724532492266714161441071110229040310110202108537054400924926211911869160 21800303040101038706 405206119 9900011011031222 99 99 9909-101-1-1-19999999999992
0004015021005990031330450052499990713109921119911123263400000000000000000054009052467136136731951 32999000206989882061999 9911  990 0120220179043011013080401-10102020301-102-1039
0004115500106990023260309052499990599109921111111121290400000000000000000020009052463140111999991 5499106010101020 99 999 999   996 710000000000 99 99 99-1-1-1-1-1-19999999999991
0004215020005990022280427052499990712109921110811136285400000000000000000044009052467164155691751 05991000102020280081199 9911  996 81101101118110110420101-10301-10208-10209-1091
0004315503010990032470454052599990741109921119921109287400000000000000000025009052561106100999991 6899306010101028 99 999 999   990 010000000000 99 99 99010202-1-1-19999999999991
0004415500005990026990449052507070737113621111911110288400000000000000000045009052599999115711501 05996000301010283051999 9911  996 010000000000000000000030101-100000301020200001
0004515020000035024330397048399990677109921219911102280403010001021016400224009052563117115999991221001020198980483061999 99111 992 011011021171101105203010003-1-10204999909-1001
00045250500000355273612521339138115431318122117211042914040100010310144005240091381631121139999912210010204070405820914091011111090001101103118110110520902-1-1-1070504-1-10901-11
000461599000599002599045005259999053710992121999399908770605000501906 08050215705259999999999999  3399 9999999999  99  99 99    99   8 99 99 99  99 99 999999999999999999999999999
000462509000599002530055106279999070210992221999499915170706000601906 120102159062761089087999991933981050103030389989999 99999 9900710000000000 99 99 9901-10100-1019999999999999
0004715502000996023990347052599990628109921219911108281400000000000000000054009052563128115741751 37001000701980283051999 9911  996 010000000000000000000-1-104-1-1-103-101-1-1-11
0004725081000006625250860091809961188131922210111118328401000000011015400255009100363124999999991 3700100010202038399140910111  07007100000000006000000009999999999999999999999991
0004815020107997026340443052599990726109921210221112283402000000021012400312009052562139149999991118083090101010483001999 99119 999 01202201790410110240400-10000-1-101-101-1-1-12
00048252200070775313920202078208523001409122111211142804030000000320164008120092085621511507117611180830901020205830216091031191094001202201790910110110900-102-1-1-1-1-101-1-1-12
000491502000699002223044905259999053610992111999399908770101000100906 070143159052563125123999991 5499105020398028 99 999 999   990 010000000000 99 99 9901-104-103019999999999999
0005115500006995018200440052606890719113521310521108279400000000000000000012009052661111120752251 05001070198980202051999 9911  996 512022041124101104201-1-103-1-1-102-10203-1-11
0005125050006035420221042111311261320141212310611153278401000000012015390322009113361127110742501 0500102010303038299140020011 1010011202206212459899899804-1-1-1-1-1-1-10301-1-11
000513529000603542224167218161872195213281332091113928040200000002101839032200918496115813899999  0500102010404048204 90120411  9900022022051124 99 99 99-1-103-1-1-19999999999991
0005215500007075024290403050199990700109921319911135297401000000011016380743009052668226223711851 43003000101010383091999 9911  996 010000000000000000000-1-100-1-1009999020799992
0005225090007995625300773084608461052141012310121102279402000000021017420143009084668197999711801 4300306019898048399 40710911  0040010000000000 99 99 999999999999999999999999992
000523530000707562934210322132213238813151333031110128540300000003201439074300922136823521971175  4300306019898050309 40710311  9910130000000000 99 99 99-1-101-1-1009999999999992
0005315020007070043490450052699990534109921119993999084706010001052016400691159052666158999999991 4399305010201050 99 3001009   991 810000000000 99 99 99030202-1-1-19999999999999
0005415500007990036380432052606990706113821110111093274404000000041015401071009052666138135999991 2499109010101060 99 999 999   990 810000000000 99 99 99010000-1-1-19999999999992
0005515500200996037360438052699990710109921212121125272400000000000000000044009052662138138691551252081050606980282051999 99111 990 710000000000101105103020001-1-1-102-105-1-1-11
00055252200000261403914431497152317181411122104211432754010000000120163806440091560631341366714912520810506080303820514091091111090001000000000010110510905-1-100000005-104-1-1-11
000561502100505202424048405260694076811302121001113428440100000001201741051200905266513213099999120500103010202038199 999 99120 991 011011041151 99 99 9901-103-1-1009999999999991
00056250810050025262614051483158216671125222115211002624020000000210174005120091582651371356915212050010308040304810914081011202093021101105115210110710102-103-1-10109-10107-1011
0005715090005990021230349052699990637109921112011110288403000000031011340421009052663140109999991 0599103010202050 99 4991999   9920011011041162 99 99 9909000301-1009999999999991
0005815020000996025290447052706940721113521212311119274400000000000000000024009052765109110661301230001050302980283061999 99113 996 011011011171101105109050101-1-1050499029999991
00058251600000565283212971350136815761410122111111282794010000000110163905120091368641141159999912300010501020203830414091051131010001101101117210110710904-101-1-1-1090102-1-1-11
000591550000000503737046505279999054610992151999399908170400000005410 430655159052764138133711551 34095000107070783061999 9911  991 012023027904000000000-10302-100-10004-10000029
000592503000000503838065407300730077111102251999399911770501000105906 110155159073064149135999991 3409500010707078399 499 9911  9960013038027905 99 99 99000302-100029999999999999
000593510000000573939090909860986119914111351181113729040602000205906 160244009098664138999711551 3409300010606078399140010011  09002130480279050000000009999999999999999999999991
000594528000000504141172717911799203014101451102113130340702000206101741045500917996413813099999  3409500010909088306 40010011  9940510000000000 99 99 99050202-1-1019999999999991
000601501000400802734034905279999066610992141182112231740301000102906 060152009052762156147681651105081070807980481071999 99110 066 01101104120110110420202-1-1090909010000-109091
0006025040004008028350762085308531041121322412111103279404010001032016450152009087562150999999991105082020108089882991402203110 09530110110679011011057049999999999999999999999991
000603521000400873037132814911498162313241341182112529540501000104101439033200914986114912599999110508104080403068207140910311010951211011061221101105104090200-10702030600-109071
0006115500000995033400427052799990713109921711421116286400000000000000000055009052769188174682121205081000505980283071999 99110 996 11303803790550000000004-10201010006-1010201021
0006125010000055635420833092409351114131412710211118281401000000012016400145009093569189999681781205081000506980383991408902110 00401130480479055000000009999999999999999999999991
00061351600000356364399991318139315041299137103111239996020000000210164099450091393691941906819712050810005080305830514081021102005001305805790559899899804-10101010209-1010301021
000614521000003563744168418151833197713211471052111729340300000003101699024500918336918918567185 20508100010303058308 408102110 9900013068055175 99 99 990400020901079999999999991
000615522000003563845230223542367237612091671999399907470501000104906 09014515923676918418567205 20508100010404068307 901102110 9920013078061175 99 99 990400020002079999999999999
000616599000003563845218722399999225510992571999399906870400000004201641024515799999999999999999 20508 9999999999 399  99 99110 99   8 99 99 99  99 99 999999999999999999999999999
000617505000003563946244526122653272912291771042111528440602000204906 10014500926536920118668210120508100050504068307 409102110 060001307805790550000000004-101-107-109-1-10002071
0006215020005050038360447052799990637109921119994999190704000000041017400923159052761134131999991 0599103010101068 99 999 999   996 010000000000 99 99 9905-102-100019999999999999
0006315500005995020230381052799990658109921312311103277400000000000000000012009052767163145681491205001060303010281051999 9911  990 71101104117100990170904-1-1-1-1000199999909991
000632513000506572225117012421270144614141231092110227640100000001101439041200912706715013769145120500906030598038199140010011 2000001101105118100000000008-100-1-10002-1000107001
0006415500005990024260383052799990674109921111911111291400000000000000000031009058867191145711751 0599600030100020607199919912  996 0110110311811011051030100-10701000100020500-11
0006515010005995025270454052707100743113621411921112289400000000000000000055009052766117120999991905001000606980283061199 99119 996 711011021191000000000010001-1010001-1040401001
0006525010005055526280876093209351155140812412121107279401000000012016410255009093566126999999991905001000603030383991400200219 09007110110279020000000009999999999999999999999991
000653599000599202729151915621584176913091341121107825010200000002201539039500699996612412499999  0500 9999999999 399  99 9921  99   8 99 99 99  99 99 999999999999999999999999991
000654599000505152931221922639999250910992441222113129040300000003101135049500799999999999970190  0500 9999999999 399  99 9921  99   8 99 99 99  99 99 999999999999999999999999991
0006615501005990026990456052899990742109921119921132286401000000011016400855009052861118115701501 05991000106060382091999 9911  996 01101102118110110220305000101-1030599010707091
000671501010899503132046405280727073111372121091112926740201000101906 090295009052864111113681701111009989898989892989998998119 996 710000000000 99 99 99020201-1-1-19999999999994
000672522000808553637231724282443259014181221092110827340301000102101738095500924436512011468160111100300050703048203140110911920910710000000000000000000070001-1-1-1020003-1-1-14
000681599000099502299042406459999071710992121102118029340200000002201945049400705289999999999999 00599 9999999999 299  99 991   99   8 99 99 99  99 99 999999999999999999999999991
0006825310000065629302970313531523258132612211611144288403000000032019411044009315266168137711601005986000207020582071402209199 011001101104118110110710908-1-1-1020406-1-1-1-1021
0006915500005050024990465052807340755113821110511127290402000000022016410452009052860116110711751 4799106030398048207190910111  036 311011021181000000000-10101-1-1-1020003-1-1-11
0007015010009002035360457052807090735113621411221130278400000000000000000055009052868148150751811205005000107070282051999 99111 990 71308802790500000000003-1-1-109020299010209041
000702505000900253839160916691687189414111341132113328540201000101906 0904550091687681551477518312050050001080803820514003001111076001000000000000000000003010100070602-1010107067
000703505000900254041234724082422263614101441102115428940301000102201740045500924226715816074190 20500500010909048205 409103111 9940711011013211 99 99 99010100-109069999999999997
0007115020007070037420456052807150739113721211821125283410221105061016400811009052861153143999991 4399109010101070606140810311  996 31000000000000000000009-1-1-1-1-19999999999992
0007215010000995021220441052806890730113521310921100289400000000000000000055009052867124123721751114006000398980282061999 99110 990 011011031161101105104-1010101010004-1030202011
000722513000000562324114312121212142514091231121110828240100000001201441045500912126713312599999111400600010101038299130120111010710511011051162301102106-1-104-102-103-104-102-11
000723521000000562526156016101630183714101331022110927740200000002101540025500916306713012899999111400600010101048206140110911010000011011051162101102106-1-1040001-10301020004-11
000731503000599004341046905280717074511352111991112527640201000101906 080555009052864123110732251 3899300010504038203199919911  996 711011011221000000000-10004-10000050000-101-11
0007415020005995020220329052899990624109921310621130295403000000032015400111009052862153145691801205001090101010505071499 99119 991 71101101215310110320102-100-1-1-100-10004-1021
000742520000506562224109312481277139013261231022111429740400000004201742041100912776216415571180120500109010202063507140910222920060010000000000101105101-1-1-1-1-19900-10001-1991
000743527000506562426163417111838193913291331021112630540500000005201642031100918386217215299999 20500909019898070509 400300229 9940013078032145 99 99 990000-1-1-1-19999999999991
000761560000599002899043005299999070910992111081113427940210000101201642109900905296210910599999  9899998989898989 99 999 999   996 711011021201 99 99 99060000-100049999999999991
0007715500005998021230411052999990691109921210821109280400000000000000000022009052961109100711771 13001060306980283061999 9911  990 010000000000101104102-1-101-1-1-104-10807-1-11
0007725060005008022240817096309631096132012210211119279401000000012015400222009096661104999999991 1300106010101038399140910911  00000100000000001011027099999999999999999999999991
000781599009999003999045105319999056110992111999399911079803900300999 99999915705316714399999999  9999 9999999999  99  99 99    99   8 99 99 99  99 99 999999999999999999999999999
0007915010005050030340468053107280770113721110411138302402000101022057410521009053163132131661301 63991040804980305061999 9911  990 01000000000010110410701-1-1-1-1-102-102-1-1-11
000801502000599502326043305319999070810992131101112027540201000101906 130155009053163109105701651 07001000504980382061999 9911  996 710000000000603804709-1-10200-1-105-1020300071
0008025110005055525280903103110311181131812311911150278403010001021016390255009103164110999999991 0700100050598048299190510112  09200100000000001011057099999999999999999999999991
0008115010008995030340460053107160740113621211411131280401000000011015380252009053161103098671351169081000101010386061499 99115 99000100000000001011021080002-1-1-1-10299990000013
0008125120008085732361213126412851489141012210121109276402000000021017400442009128561098098999991169089009803030483051401109115200200100000000001011011070102-1-1-1-10202020000013
0008215010008990032990482053107370760113621119921127278400000000000000000001009053162113107631251 68091070801010306061999 9911  990 010000000000101102303010101-1-1-10402-1-1-1-18
000831560000707803337041105299999064910992121111110223830603000303101840099100905316820619599999 14300998989898989399 999 99119 994 711011013221 99 99 9900-1-1-107-19999999999992
000832521000707853640125913881498156712341221222114030840703000304101434051100914986821918099999114300109089898067306140030011910000010000000000500000000-1-101-1-1-102-1-1-1-1-12
0008415020007995022240397053199990694109921211821114297400000000000000000014009053167156135671551 18081070801980283011999 9911  996 0110110112110989989980200-1-1-1-19999029999992
0008425030007075624261122120412221398141412210421097276401000000012016420414009122267144130651651 1808907080298038399140810111 1000001000000000000000000001-1-1-1-1-101-100-1-1-12
0008515500008996030350413053199990697109921211221124284400000000000000000052009053163129124661351105031000305980280981999 99119 996 710000000000000000000020204-1-1-102-104-1-1-13
00085251200080866333813961478148816771413122104211042814010000000120164005520091488631251306613511050310001050503800614072011192091081000000000000000000002-103-1-1-102-102-1-1-13
0008615500005996022280437053107000728113721210611121291400000000000000000023009053165155147701801105001060201010284051999 99110 996 01101104116110110420309-10600-10009-10300-1001
00086251600050165253114011493150916841415122109211062834010000000110164105220091519651401377118011050010601030303850614021091101030001101105216210110420407-10300-10009-10300-1001
0008715020007076028290478053107090724113321210221069246104000000041015400811009070962999145691501 4399501080298060005190710111  991001101104122210110410309-1-1-1-1-105-1-109-1-12
000872599000707653536295730043047319413121221031105823710500000005201135101100699996113914068165  4399 9999999999 099  99 9911  99   8 99 99 99  99 99 999999999999999999999999992
000881550000799603035045605310713074211362151112114928640402000202906 160112009053168158156691901 04083070803980683051999 9911  996 71202204790410110210309-1-109-103010003-1-1-12
0008825030007076631361050113411571343131512512211143293405020002032018400312009115768168999721801 0408907080698078399140810411 10000022022033194101105102090001-1-1-10900-1-1-1-12
000883522000707663439209321942194238214141551112114528940804000404906 06031100921946816314569195  0408109070698060305 40910111  9920712027051184 99 99 99090000-1-1-19999999999992
0009015020005990031600467053207220749113621111121099282402000000022016401071009053263116110752201 05991090805040404051999 9911  995 71101102116110110410909-10302-1060599039999991
0009115500005990031990456053207000733113421111421098277403000000031016401012009053265208208701651 05991060101010585091999 9911  990 0100000000001011062010801-1-1-1-109-1-1-1-1-11
0009215500007995023270440053299990664109921311421062224100000000000000000034009053263126126671711 18005070101010282981999 9911  990 710000000000098998998-10109-1-1-19999029999992
0009225030007075525291086118912141344131812311421094258301000000012011320444009121464129130999991 1800507080101038299140120411 10901310000000000000000000010102-1-1-1-1-104-1-1-12
000923527000707552832198721342134224612211331022109325940200000002201336054400921346312912499999  1800507010101048206 40030011  9900910000000000 99 99 9902-103-1-1-19999999999992
0009316020003005025310470053299990719109921311821083249103110002011083380213009053262114115721321221001090302980380051999 99110 990 010000000000101104501020304-1-1-108-10400-1-11
0009317020003005025310470053299990719109922311811084249103110002011083380213009053262114115721321221001090302980380051999 99110 990 010000000000101104501020304-1-1-108-10400-1-11
000932521010300552935152116201620182814141331051110930740411000203510 3506120091638621161157214012210010203080705800514052091102090101000000000010110710903-103-1-1-109-10300-1001
0009415022008080033990431053299990737109921119921106306402000000021016390635009053257108105661701 05993000101010480051999 991   990 712022027904003805709010002-1-1-101-1019999999
000951502000099303237043305339999071810992121102113328540201000101906 120255009053366129126711781 05091000102020389051999 9911  990 7100000000001011021040701-103010205-1-10303031
0009525030000003534390973100810291261130812210121122288403010001022017400355009102965137999999991 0509100010303048999140210211  0000030000000000101105 099999999999999999999999991
0009615020005990023240367053399990647109921111421129280400000000000000000055009053368145130751851 22996000601000284061999 9911  990 010000000000101103501-1-10201010102-10301-1011
000971501020606003842045005330700074211352111071114929240202000200906 080911009053399999145701821 05991090001980301051999 991   996 010000000000101109109090001-1-1-19999999999991
0009815010000992018220408053399990680109921311021121272400000000000000000052009053366128114732001 05007100198980281041999 9911  990 712022037904101109109-10006-1-1-101-10600-1001
0009825060000052620240860090909111138140712312221121278401000000012016380242009091166118999721841 0500100030101038199140220111  000071202205 904101105 090808080808089999999999991
000983504000000262226171317521831199514161333181113628240200000002201639054200918316611511872184  0500100010303048104 90720111  9920031011051181 99 99 99070103-1-1-19999999999991
0009915010003031023260382053399990662109921412211147280400000000000000000035009053365143134711681263081030802980285051199 9911  991 710000000000000000000-1-101-102-1-1-1010207-11
000992510000303162528083810001008110513241241222113626740100000001101840024300910086415099999999126308103050101038599140810321  00000100000000000000000009999999999999999999999991
000993516000303162831216122262240244614111341231114428540200000002201738074400922406514814571180 26308104080603058504 40220221  9900710000000000 99 99 9902-1020207-19999999999991
000994531000303163033267227612786295713161441091114628540300000003101840024400927866414714371200126308103010303058509 40910921  00000100000000000000000000300000202-10100000404021
001001502040099502225039805339999068410992121031113628640300000003101538012200905336110510099999120500105010202058299 999 99119 990 711011022181 99 99 9902000300-1019999999999991
001002522100003502528138714341445167312082221071113628640400000004101740052200914456209509364130120500105010404068205140910911910950012022022184101101204020002020100030003-107011
001011599000505002523043905339999060910992111152201417000000900000000000009901605339999999999999  9999 9999999999  99  99 99    99   8 99 99 99  99 99 999999999999999999999999999
001021550000707603135036705349999066310992121151114229640302000201909 999943009053462176175999991 0409105080398078 99 999 9911  991 710000000000 99 99 99-1-1-1-1-1-19999999999992
0010225130007076033371205126812681449120912210011138244304020002021017420442009126862182178999991 0400106089898058 99130010011 10040710000000000101109709-1-102-1-1-103-104-1-1-12
0010315500005990040450465053499990684109921119995999219703010001021014400824159053462110107701901 05991030104040582071999 9911  990 71101103218110110510109-1-1-1-1-1-1-10409-1-19
0010415010007996030390444053407060728113721211611126284402000000021016400511009053463159160999991 4200307010101040 99 999 9911  996 710000000000 99 99 9906-101-1-1019999999999992
0010425110007076632411060114811821347141712212121130287403000000031016400392009118962162160692061 4200107010202058 99160910911 2090171000000000010110510904-104-1-10003000007-1032
0010515012005990027990360053599990649109921110121129289400000000000000000043009053565142114999991 0599600010598028 99 199 999   061 011011041181 99 99 990102010000009999999999991
0010615010000995031310380053599990679109921211821156299404000000042017400555009053567146130671401232002000107070682061499 99113 016 01101102119120110710703-10200-10009-101-1-1-11
00106252800000055353516761773186319721326122100211432964050000000520184207550091863661561316713512320020001090907820614031011132070101101102118230110510803-102-1-1-106-101-1-1-11
0010715500107990037360431053599990724109921111212144293409101102081016400891019053563176172691801 04991050103030802981499 9911  994 01000000000010110970607-1-1-1-1-102-1-101-1-12
001081550000099502729040605359999068510992121131113127940300000003101639044400905356413313599999115600105010101058399 999 99110 991 710000000000 99 99 99020002-103-19999999999991
001082505000000553032129713821422158013171221092113028340400000004101739054400914226414213568140115600105010404068306140220111020920010000000000000000000040101-107-104-1010207-11
001091501000599003899046605350720076411362111211115229840301000102906 120845009053563151149731601 32992000103030482091999 9911  996 013088047905008804709020101-100000201020000-11
001101550000299604039044605350703074711362121181113830140400000004201 430523009056267150145742151205003070103030682051900 00110 991 71303702790510110420402-10203010104-1040202031
00110251800020065424112721364138615631316122112211232914050000000510174304230091386671411417225012050030701040407820514071091101091001101101117110110520204-10203010208-1020902091
0011115500007990029340468053607300751113721211811143283403020002011017390424009053667141136721701 24992000507040381051999 9911  990 51101104118100000000007-10102-1000399000999012
001121550100808002840047705369999075410992111991112427740401000103906 070752009053662120115999991 6999100010303028 09 999 999   996 010000000000 99 99 99030100-102-19999999999993
0011315500000995028280456053699990709109921211211089253301000000012014400622009053665118114721351 05001020101010383051399 9912  990 711011031202101104104040001-1000102-1020000011
0011325060000005630301005108211081280141412212321117275402000000021013360345009110864119999721501 0500104010303048399130810911  0900011011031181101105102040001-1-10201-101-100021
0011415500005996039410448053607070736113721210221122288401000000011016400422009053662129126711951 05001050102020381051999 9911  996 01101106219100780970906-1-1-1070204-10209-1061
0011425010005056540420908098009951187141212211421127279402000000022016410222009099663131999999991 0500105019898048199150810121  09100110110979010077097099999999999999999999999991
001161501000799502122045405380713072411372121021111427040000000000000000009900905386411011099999 99898998989898989999 999 99999 996 710000000000 99 99 9901-103-1-1-19999999999992
001162599000799502223086609390947095211112221999399908670100000001101638029915799996410599999999  9999 9999999999  99  99 99    99   8 99 99 99  99 99 999999999999999999999999999
001171550000599004099045605380713073711362111112112228140503000302906 121024009053869150154999991 0699102030398048 99 499 999   996 711011041151 99 99 99040100-100009999999999992
0011815020000996026350451053807010738113521311121141287401001101011031300154009053866123126641601 05009000601980283061999 9911  996 010000000000600000000000003-100000599999999991
0011825061000056627361091116111891370111422310521145279402001101022017410355009118966125125999991 0500300060404038399140120411 10720710000000000600000000-1-104-100-103-1-10100001
001183599100005603039205021432236232611262332122112527640300110103201839055400721509999999999999  0500 9999999999 399  99 9911  99   8 99 99 99  99 99 999999999999999999999999991
0012015020005990023240458053899990552109921219993999094702010001012016380622159053864161153691801 05991030301980382071999 9911  996 11202204790410110410304-10100040103-1010105019
001202502100599052425065807200720092712082221021110926940302000201906 130122009072064153145999991 0599103100101038299 499 0911  9960012022059904 99 99 990302010003009999999999991
001211599000599004299047005380716074811352111042111127840401900103999 99999900605386714099999999  9999 9999999999  99  99 99    99   8 99 99 99  99 99 999999999999999999999999991
0012215020005990021990463053907130742113521111021091279400000000000000000024009053962101104999991 0599103030498048 99 999 999   991 71101105118  99 99 99030102-1-1009999999999991
0012315040005990031330411052907000735114121112311110324401000101011056360755009065164147130731651 05991000104040383091599 9912 299207100000000000000000000200040102040200030701041
0012415500005990099230382053999990668109921111411128286400000000000000000044009053964124116711651 21991040203980283061999 9911  991 011011021191000000000-10104-100009900029901001
0012515500005990021990346053999990632109921110321106286401000000011016400224009053965138130701511 05991050102010383061498 9911  996 01101104116110110410303-10101-10002-1010700001
0012615500005990026300351053999990661109921110421115310402000000022017400701009053960169138991701 06991070102020410061999 9911  996 011011031161004804709070004-1-1-108020203-1001
0012815500005056030260403053999990669109921211721116266402000000021014370342009053966118113741801 03065000101010483051999 9911  990 010000000000007804709-1-102-1-1-1-1-102-1-1-11
0012825051005056531270830095909611085111822211311105255303000000032016380242009096166123999741981 0306500010101058399140110911  0000010000000000007898 099999999999999999999999991
001291509000799502020042005409999070410992131061112328440000000000000000004300905406613112099999111809107010101028299 199 99119 9910711011011151 99 99 99-1-101-1-1-19999999999992
0012925090007995522220822095809611127131912311611134305401000000011016400143009096866137999999991118093070801010382991402203119 09000120220179040000000009999999999999999999999992
001293518000707552323131714071437156213171331051113224530200000002101743024100914376514614071192111804302010202043205140810411910900010000000000000000000-1-101-1-1-1-1-10499-1992
0013015020005990031340403054099990687109921111611142284404000000041016400213009054062140118712001 4999102010404068105140710911  990 01101102118200000000002010303-1-104020203-1001
0013115500005990037990476053907080748113321111521094272402000000022016400944009053965155155731751 1699104010303048105139929911  996 71101102120110110410809-1-1-107030203019999031
0013215020000991033330470054007280752113621310511142282406020002041018430254009054067148134999991112083030105050689091499 99119 990 510000000000000000000-1-101-1-1-1-1-101-1-1-11
001322599000099163535120912901311151313141231151117230440702000205101740049500699996713913472188 11208 9999999999  99  99 9911  99   8 99 99 99  99 99 999999999999999999999999991
001323522000005163737221423542380251113231331082117229740802000206101943055500923806615913772175111208303010707088909160910111910000010000000000000000000-1-102-1-1-1-1-100-1-1-11
0013315020005990027360425054099990695109921111711086270202001101022016400322009054061097095661481 05991030102020382041999 991   990 01000000000010110120302-10200030103-1-1-109011
0013415090002990027290486069606970762123021110221117276403020002011016410241009069762143120999991 6399100010202031 99 9002009   9919713048057905 99 99 990102-1-1-1-19999999999991
0013515500005050027290453054199990715109921110211104262403010001021016400422009057364136125711601 05991040304020483071999 9911  996 7110110411711011021080500000001000101020702021
0013615020005996031350476054199990767109921319921096291400000000000000000042009054161104105721951 3200300029898028305199919911  990 0100000000001011011040300000105000500020103-11
0013625090005056632360838094009401115131412310121106277401000000012014410142009094561114999729991 3200500020303048399150910911  0001010000000000101101 099999999999999999999999991
001363599000505603640264727039999292010992331001112527340200000002201539094200699999999999999999  3200 9999999999 399  99 9911  99   8 99 99 99  99 99 999999999999999999999999991
0013715020007990023990362054199990624109921111721119262402000000022016370622009054164136122741701 0599109030198048605190910111  990 01101104215110110420101010002000201000005-1022
0013815020005990029420461054199990690109921110111109229306110002041016400211009054163139130671581 0999109010202070 99 499 999   033 711011041201 99 99 9902-1-1-1-1-19999999999991
001391550020599004144046905399999071210992121051206924310401000103101440104201905416411911899999192298100010606988999 999 99999 070 010000000000 99 99 990201000003039999999999991
001392599000599004447124312839999149110992221151111524830501110204103134049200699999999999999999  2299 9999999999  99  99 99    99   8 99 99 99  99 99 999999999999999999999999991
0014015502005990022990399054199990687109921111511128288402000000022016400244009054161115102721951 60991000106060483071499 9911  990 710000000000101101108010201-101-10301-10002019
0014115020005998028350479054107370765113621219921113286403000000032017400701009054164141140692041 05001050107070602001999 9911  990 01000000000040110410101000005-1000202-105-1-11
0014125030005058528350815090909111080121312211811119265404000000042016400101009091164158999692601 0500105010101071299140610311  09200100000000001011067099999999999999999999999991
001421502010099502425046505420707075811342131231114429340201000101906 190214009054262123138701701 05003050101010383071999 9911  996 010000000000101105102010101-1-10006-10101-1-11
001422513000003502526111911831201140814111231031112028940301000102101841031400912016212012570180  0500305010202048399140020011 10620730000000000101105101060201-1-10009-1-1-1-1001
001423530000003552829222722972297250814101333111111528140401000103101641061400923266211311399999  0500305010303058309 40510611  9920530000000000 99 99 9903-102-1-1009999999999991
001431599000799603440047705429999075210992121171112627540601900105906 99999900605429999999999999  9999 9999999999  99  99 99    99   8 99 99 99  99 99 999999999999999999999999992
001432599000799613642144715081546171713141221172110327040701900106101639039900699996417717974200  9999 9999999999  99  99 99    99   8 99 99 99  99 99 999999999999999999999999992
0014415500005050037380439054299990543109921119993999104703000000032015400455159054267152155751601 50995000103039882031499 9911  996 71101104221110110420309-10202020208-10203-1039
0014515020005990033990452054207000704113521110121059252102000000022014400712009054263184999699991 5009107010101048 99 999 999   991 010000000000 99 99 99010200-100009999999999991
0014615020005990028990385054299990679109921112225134294401000000012019400654159055663109095691851 0599600030298038508199919911  992 01000000000059899899803-101-100-10403010107041
0014715020005990031350440054399990718109921110621101278404011102032016401021009054362126116681611 04091061005980402061999 9911  990 0110110222111011042020902000204000800000000001
0014815020000997028320472054307060770113321319921128298402000000022016400344009054366152143721601143009000101010483061999 99110 016 0110110222021011022040500010000000600-10000001
0014835210000007830341269132613471568141113311911143299403000000032017420455009134766140136999991143005000102020583091409101210106400110110422013011032050504-10101000202-10101001
001491504000799003999048605430745076911372111991112928340310000102907 210744009054364137135691501 04993050303980482051999 9911  010 711011013211008809709020101-100000201-1-1-1-12
0015015020005990035990454054399990732109921110111113278402000000022016400422009054360122116711851 0599106010101048104190910211  990 01101104219110110420208-1-10004000599010202991
