001534201818314704300100101020004300000100001100400000000
00153560999999  993009999 999999369 99999    999999999999
001582101818315101300100181050004300000101000100400000009
001592101614313902300109591050003700018000000000500000009
001622101818316205300100121050003905500100004200400000000
001643101817316805300109491020004500000100000000430000009
001644101918216008300100141020003500000100000000400000000
0016621021203160063002001 1050004900000100000000500000010
001692102019315107300101111020015000025000000000420000050
001693101916315104300100161920034200000100000000400000000
001712101818416206300100121020004921000101020200500000000
001752101817316406300100561020004800000100000000430000009
001762101716314505300100501020003700000100000000530000000
001832101917316305300100181020004300000100000090400000009
001872201714317005300100141020003600000100000000500000009
00190240999999  993009991 999999549 99999    999999999999
001912902016315306301100161010004500000100000000500000000
001922101817313104300100101020003800000101000100430000000
001923 02218414009300100191100003700000100000000400000000
00192440999999  993009991 999999569 99999    999999999999
001932701918616405300101192000005110000100000000500000000
001942101716314106300101141920003600000100000000400000009
001952102417315606300100101020004500000100000000400000000
00196246999999  993009991 999999569 99999    999999999999
00196247999999  993009991 999999569 99999    999999999999
002002102018315008300101561020004010000100000010500000000
002012101817315407300100571050003810000100000000400000000
00204240999999  993009991 999999599 99999    999999999999
002062202220316508300000501020005300000100000000410000000
002072101815314906300100101050004010000100000900400000009
002082102217316199300100541020005510000101000200500000000
002102102217311402300100171050004710000100000001400000000
002122102017419202300101551020005410000100000000400000000
00212340999999  993009991 999999479 99999    999999999999
002143102019315505300101141020005500000100010100400000009
002152101917315806300101141020013918500100000000400000000
002153001916315702300100173010004700000100000000400000000
002162101914312205300100151020003900000100000000530000000
002163001914315302300900141010004200000100000090400000000
002172102119315507300100121120004300000100000000400000009
0021920018164120053001001 1100004600000100000000400000000
002202201613414303300100191020004300000100100100400000009
002222201816416204300101591050005500000100002110400000009
002252101714213405300100151020002800000101000190400000000
002332002420414808300100191100006600000100000000400000000
0023920015114143043042012 2020004590000100010200500000000
002393102219413404301100192020006410000100000000400000000
002402101919318907300101141050004600000100000090400000009
002422001715415804310100131100004400000100000000400000000
002442201717413802300100591020004100000100000000200200009
0024621022175562083001011 1050046510018030000000400000010
002463002018316408300100242010005000000100000000400000000
00246440999999  993009999 999999539 99999    999999999999
002472701717315206300100191000003400000100000000400000000
002492102118454702300100101020009910000100000001940000000
002493102118315304300100161050004400000100000000400000009
002522102018517806300101561050006410000100000000560000000
002532102018315306300101161120004700000100000000500000000
002533102118314108300100151020004900000100000000500000010
002552102019415704300101171020006810000100010890410000000
002553202319258906300100191020004400000100000000400000000
00255440999999  993001001 10000061000001000  900400000900
002555702016619908301000192010005610000100000010400000000
00260210211825330430010010105000391000010    990599999999
002604101814314803200100111010003220025070000000530000001
00261240999999  993039991 999999529 99999    999999999999
002632102017313302300101101020004510000100000000460000009
00263340999999  993009991 999999459 99999    999999999999
002742102117315703300100171020004300028000002100420000009
00275210171731660630410119105000430001800    990599999999
002772201714415907300100191000003400000100000000409000009
00279240999999  993009991 999999409 99999    999999999999
002832101917312604300100141050003600000100000000400000000
002833102017316604300100141020003900000100000000400000009
002834201518314907300100141020004400000100000000500000009
00283540999999  993009991 999999419 99999    999999999999
002852102019359906300200101050006320000100000000500000000
002882102017315502300100551050003710000100000000400000000
00288310191831580630010118102000420001800    990499999999
002884202416314904300100191020005100000100000000400000009
00288540999999  993049991 999999489 99999    999999999999
002892201513315805300100501020003200000100000080400000009
002902102020314406300001141020004510000100000010500000000
002904001815413606300100131100003700000100000000400000000
002912102018315303300101101050005800000100000000500000019
002922101818313007300101171020003900000100010100500000000
00292360999999  993009991 999999349 99999    999999999999
002943102117216404300100121020003430000100000000500000009
00296340999999  993009991 999999519 99999    999999999999
002992102418317303300101101020006710000103010000500000000
