000012102119317006300100101020014910000100001010440000000
00005240999999  993029991 999999439 99999    999999999999
000142101615315003300200101050004010000100000090500000000
00014350999999  993009991 999999349 99999    999999999999
000152102217319202300101531020004800000100000000500000009
000153202318315907300100101020005100000100000000500000000
000172202219412707300100561050006100000100000000400000000
00018240999999  993009991 999999549 99999    999999999999
00020210191721630530010116102000330000010    990499999999
000212102017315803300101181020004610018000000000500100000
000213202119416408300100101020005200000100000000500000000
000252102317318503300101431020004400000100000000400000009
000262101715314905300100501020004510000101010200500000000
000352101616713705304100131020007000000101030201420000000
000363102221315807300001121020005910000100000000400000009
000372102317313105300100121020005310000100000000400000009
000382102119517106300101101050006910000100010100500000000
000392101616213305300100151020002510000100000000400000009
00039440999999  993009995 999999379 99999    999999999999
000452102319315707300101141020005700000100000000500000000
00048240999999  993009991 999999449 99999    999999999999
000512102017356503300101591050004700018000000000500000000
000513201919315009300101141010004800000100000000420000000
00052350999999  993009995 999999399 99999    999999999999
000552202121416005300100161050005900000100000000400000009
000562102118314705300100131050004110000100000000400000009
000582101916315203300101571020005000000100010100500000009
000593102118316907300001101020014600015002040100410000010
000594102120314205300100182020004800000100000000400000000
000603102018313206300100501020004910000100000000500000009
000612101918356206300100131020004515200100010200400100000
000613101917314102300101126020004400000100000000400000009
000614201919315208300100191020004100000100000000500000000
00061740999999  993009991 999999359 99999    999999999999
000632101914313105300100181050003800000100000000530000009
000652101717313806300100561020004610018000000000550000000
000653201614414606300100161020003300018001010100400000009
00065440999999  993009991 999999489 99999    999999999999
00067240999999  993009995 999999359 99999    999999999999
000702201919315107300100101020004200000100000000500000009
00070340999999  993009991 999999529 99999    999999999999
000722101816315204300100131020003300000100000000400000000
000723201616316605300101191020003900000100000000410000001
000742101817315604300100131020004200000100000000400000000
000743202018415306300101191020004800000100000000500000000
000772101818317403319101172020003910000100000000500000009
000802101716556302300101441020005210018010000000400000010
000812102218314707300100101020004410000100000000400000009
000832102217352106300100101050005130000100000000500000001
000842101916315306300100541020004100000100000000400000010
000852101917416303300101591020004810000100000000500000009
000862101716315005300100101050004000000100000000510000000
000882102118316308301100501020005810000100000000400000009
00088350999999  993009991 999999679 99999    999999999999
000922101715344805300101151020004110000100000010400000009
00092340999999  993009991 999999429 99999    999999999999
000932201917314505300100101020003910000100000010400000009
000952102420346505300101141020095710000100000000400000000
000982102116444906300100191020004910000100000000500000000
000983102019318704300101151020005700000100000000500000000
00099340999999  993009991 999999529 99999    999999999999
000994704117417205300100101010004610000100000000400000000
001002102221356008300101141020005810000100000000410000009
001042101918517404300101141020005710000100000000400000000
001062201917316608394100143120004000000100000000400000000
001082102117316006300100101020004200000101000100400000000
001102101916312306300100161020004600000100000000500000009
001132101919354606300101151020004710000100000000400000000
0011421020193558083000001 1050006110000100001200410000000
001292102218315202300100151020005500000100000000400000000
001293102120315006300101151020005100018000000000500000009
001322102320315504300100121020005500000100020100510000009
00132340999999  993009991 999999569 99999    999999999999
001362102017312504300100151020004610000100000000400000000
001363702117314403300100171000004900000100000000900000000
001392101818214003300100151020003300017000000000500000009
001412101814316905300101341020004010016000000000400000000
001422102017315306300101431020004600000100010100500000009
00142340999999  993009995 999999439 99999    999999999999
001432201916416006300100161120004200000100000000400000009
